Date: 2024-01-25 14:57:21,
#Pulse Number: 18,
#Voltage Pos:  80,
#Voltage Neg: -80,
Temperature: 23.4,
"#Pulse Length: 75,00",
#Transistor on time: 75,
#Rate: 200,
9.299999999999999,3.75
-1.95,-2.85
4.2,-2.25
51.0,37.5
67.8,65.1
72.6,73.5
75.6,75.6
76.35,76.05
75.89999999999999,76.35
76.5,76.5
76.5,76.8
76.64999999999999,76.2
76.2,76.5
76.2,76.5
76.35,76.5
76.35,76.2
76.05,76.35
76.05,76.2
76.35,76.35
76.05,76.2
76.05,76.2
76.2,76.05
75.75,76.05
76.05,75.89999999999999
75.6,76.2
76.05,75.89999999999999
76.2,75.89999999999999
76.05,76.35
76.05,76.05
76.2,76.2
76.2,76.2
76.2,76.05
76.2,76.05
76.5,75.89999999999999
76.35,76.2
76.64999999999999,76.5
76.35,76.35
76.35,76.2
76.2,76.35
76.2,76.35
76.2,76.2
76.64999999999999,76.35
76.5,76.35
76.64999999999999,76.35
76.5,76.5
76.35,76.35
76.64999999999999,76.35
76.2,76.35
76.2,76.5
76.2,76.5
76.35,76.5
76.64999999999999,76.35
76.35,76.64999999999999
76.2,76.5
76.2,76.35
76.2,76.35
76.05,76.2
76.2,76.5
76.2,76.35
76.2,76.5
76.64999999999999,76.35
76.2,76.5
76.2,76.35
76.5,76.2
76.2,76.35
76.2,76.35
76.35,76.35
76.2,76.35
76.2,76.35
76.64999999999999,76.5
76.2,76.5
76.05,76.5
76.5,76.35
76.2,76.35
76.2,76.35
76.35,76.5
76.2,76.35
76.2,76.35
76.64999999999999,76.5
76.2,76.5
76.05,76.35
76.2,76.35
76.2,76.2
76.2,76.5
76.2,76.35
76.35,76.35
76.2,76.35
76.64999999999999,76.35
76.2,76.5
76.2,76.35
76.5,76.35
76.2,76.35
76.2,76.35
76.35,76.5
76.2,76.5
76.2,76.5
76.64999999999999,76.5
76.64999999999999,76.5
76.05,76.35
76.2,76.35
76.05,76.35
76.2,76.35
76.2,76.35
76.5,76.35
76.05,76.35
76.2,76.35
76.2,76.35
76.2,76.2
76.2,76.35
76.35,76.2
76.2,76.35
76.2,76.5
76.35,76.2
76.2,76.35
76.2,76.35
76.2,76.2
76.2,76.2
76.2,76.35
76.35,76.35
76.2,76.35
76.2,76.35
76.5,76.2
76.2,76.5
76.35,76.35
76.2,76.35
76.2,76.2
76.35,76.35
76.2,76.5
76.2,76.35
76.35,76.35
76.2,76.5
76.2,76.35
76.2,76.35
76.2,76.2
76.2,76.05
76.2,76.35
76.35,76.2
76.2,76.35
76.2,76.35
76.2,76.35
76.2,76.35
76.5,76.35
76.2,76.35
76.2,76.2
76.35,76.35
76.05,76.5
76.2,76.35
76.35,76.35
76.05,76.35
76.2,76.35
76.2,76.35
76.2,76.2
76.05,76.35
76.2,76.2
76.35,76.2
76.2,76.35
76.2,76.35
76.2,76.35
76.2,76.5
76.35,76.5
76.05,76.35
76.05,76.2
76.2,76.35
76.2,76.2
76.2,76.35
76.2,76.5
76.2,76.35
76.2,76.2
76.2,76.5
76.2,76.2
76.2,76.2
76.35,76.5
76.35,76.35
76.2,76.5
76.2,76.5
76.35,76.5
76.2,76.35
76.2,76.35
76.2,76.2
76.2,76.2
76.2,76.5
76.35,76.35
76.35,76.2
76.2,76.5
76.35,76.2
76.05,76.2
76.2,76.35
76.2,76.2
76.05,76.2
76.35,76.35
76.2,76.2
76.2,76.35
76.2,76.5
76.2,76.2
76.2,76.5
76.2,76.35
76.64999999999999,76.2
76.05,76.2
76.35,76.35
76.35,76.2
76.05,76.35
76.2,76.5
76.2,76.2
76.2,76.5
76.5,76.5
76.2,76.5
76.2,76.2
76.35,76.5
76.2,76.5
76.2,76.5
76.35,76.5
76.2,76.35
76.2,76.5
76.5,76.5
76.2,76.5
76.2,76.5
76.35,76.5
76.2,76.35
76.2,76.64999999999999
76.2,76.35
76.2,76.5
76.2,76.35
76.64999999999999,76.5
76.35,76.64999999999999
76.2,76.35
76.35,76.5
76.5,76.2
76.2,76.5
76.2,76.5
76.2,76.2
76.2,76.5
76.64999999999999,76.35
76.2,76.5
76.2,76.2
76.5,76.2
76.2,76.35
76.2,76.35
76.2,76.5
76.35,76.2
76.2,76.35
76.5,76.35
76.2,76.5
76.2,76.2
76.2,76.35
76.35,76.2
76.2,76.35
76.35,76.2
76.2,76.2
76.2,76.5
76.64999999999999,76.2
76.2,76.5
76.2,76.2
76.2,76.35
76.2,76.2
76.2,76.35
76.2,76.35
76.2,76.2
76.05,76.35
76.2,76.5
76.35,76.35
76.05,76.35
76.2,76.35
76.35,76.2
76.2,76.35
76.2,76.5
76.5,76.2
76.2,76.35
76.64999999999999,76.2
76.2,76.64999999999999
76.2,76.35
76.2,76.2
76.5,76.35
76.05,76.5
76.35,76.35
76.2,76.5
76.05,76.35
76.5,76.35
76.2,76.64999999999999
76.2,76.2
76.2,76.35
76.35,76.2
76.05,76.5
76.2,76.2
76.2,76.2
76.2,76.35
76.64999999999999,76.2
76.35,76.5
76.05,76.35
76.2,76.2
76.5,76.35
76.05,76.2
76.2,76.2
76.2,76.5
76.05,76.2
76.5,76.35
76.2,76.64999999999999
76.2,76.2
76.2,76.2
76.2,76.5
76.2,76.2
76.2,76.35
76.5,76.35
76.2,76.2
76.64999999999999,76.2
76.2,76.64999999999999
76.2,76.5
76.2,76.35
76.5,76.2
76.05,76.35
76.35,76.35
76.5,76.5
76.05,76.2
76.64999999999999,76.35
76.2,76.5
76.5,76.35
76.2,76.2
76.35,76.35
76.2,76.35
76.05,76.2
76.2,76.35
76.35,76.35
76.5,76.2
76.64999999999999,76.64999999999999
76.2,76.2
76.2,76.5
76.35,76.35
76.2,76.35
76.35,76.5
76.05,76.2
76.2,76.35
76.8,76.5
76.5,76.2
76.64999999999999,76.35
76.05,76.2
76.5,76.2
76.05,76.35
76.5,76.35
76.35,76.2
76.5,76.35
76.2,76.5
76.5,76.2
76.5,76.2
76.2,76.2
76.2,76.35
76.35,76.2
76.2,76.2
76.2,76.2
76.64999999999999,76.35
76.2,76.35
76.5,76.35
76.2,76.2
76.05,76.35
76.2,76.2
76.64999999999999,76.35
76.5,76.2
76.64999999999999,76.2
76.35,76.2
76.2,76.5
76.2,76.2
76.5,76.35
76.05,76.2
76.05,76.35
76.2,76.2
76.2,76.35
76.5,76.35
76.05,76.2
76.05,76.5
76.35,76.2
76.64999999999999,76.2
76.35,76.35
76.64999999999999,76.2
76.35,76.35
76.05,76.2
76.2,76.2
76.2,76.35
76.64999999999999,76.2
76.2,76.2
76.2,76.2
76.2,76.5
76.64999999999999,76.2
75.89999999999999,76.35
72.6,75.45
72.6,73.5
72.45,72.6
71.85,71.39999999999999
70.8,71.1
70.2,69.6
67.8,69.3
67.8,68.7
67.8,68.1
67.5,67.5
67.05,66.89999999999999
3.5999999999999996,38.4
-53.4,-39.6
-69.6,-67.05
-73.8,-74.55
-76.2,-76.8
-76.2,-78.0
-76.5,-78.3
-76.8,-78.3
-76.95,-78.3
-76.8,-78.45
-77.25,-78.3
-76.95,-78.45
-76.95,-78.45
-77.1,-78.45
-77.39999999999999,-78.45
-77.39999999999999,-78.45
-77.39999999999999,-78.45
-77.39999999999999,-78.45
-77.39999999999999,-78.75
-77.39999999999999,-78.75
-77.55,-78.6
-77.25,-78.75
-77.55,-78.6
-77.55,-78.89999999999999
-77.55,-78.75
-77.55,-78.89999999999999
-77.55,-78.75
-77.7,-78.89999999999999
-77.85,-78.89999999999999
-77.55,-78.89999999999999
-77.39999999999999,-79.05
-77.7,-78.75
-77.7,-78.89999999999999
-77.7,-78.89999999999999
-77.85,-78.89999999999999
-77.85,-78.89999999999999
-77.85,-79.2
-77.85,-79.05
-77.85,-79.05
-77.7,-78.89999999999999
-78.0,-78.89999999999999
-78.0,-79.05
-78.0,-79.05
-77.7,-79.2
-78.0,-79.05
-78.0,-79.05
-78.0,-79.2
-78.0,-79.05
-78.0,-79.05
-78.0,-79.2
-78.0,-79.2
-78.0,-79.2
-77.7,-79.2
-78.0,-79.05
-78.0,-79.2
-78.0,-79.2
-78.0,-79.2
-78.14999999999999,-79.2
-78.0,-79.2
-78.14999999999999,-79.2
-78.0,-79.2
-77.7,-79.2
-78.0,-78.89999999999999
-78.14999999999999,-79.2
-78.14999999999999,-79.2
-78.0,-79.2
-78.14999999999999,-79.2
-78.0,-79.2
-78.14999999999999,-79.05
-78.0,-79.2
-77.7,-79.2
-78.14999999999999,-78.89999999999999
-78.0,-79.2
-78.14999999999999,-79.2
-78.0,-79.2
-78.0,-79.2
-78.14999999999999,-79.2
-78.0,-79.2
-78.0,-79.2
-77.85,-79.2
-78.0,-78.89999999999999
-78.0,-79.2
-78.14999999999999,-79.2
-78.14999999999999,-79.2
-78.14999999999999,-79.2
-78.0,-79.2
-78.0,-79.05
-78.0,-79.2
-77.85,-79.2
-78.0,-78.89999999999999
-78.14999999999999,-79.2
-78.0,-79.2
-78.14999999999999,-79.2
-78.0,-79.2
-78.14999999999999,-79.2
-78.0,-79.35
-78.14999999999999,-79.2
-78.0,-79.35
-78.14999999999999,-78.89999999999999
-78.0,-79.2
-78.14999999999999,-79.2
-78.0,-79.2
-78.14999999999999,-79.2
-78.0,-79.2
-78.14999999999999,-79.2
-78.0,-79.35
-78.0,-79.2
-78.14999999999999,-79.05
-78.14999999999999,-79.2
-78.0,-79.05
-78.0,-79.05
-78.0,-79.2
-78.14999999999999,-79.2
-78.14999999999999,-79.2
-78.14999999999999,-79.2
-77.85,-79.2
-78.0,-79.05
-78.14999999999999,-79.2
-78.0,-79.2
-78.14999999999999,-79.2
-78.0,-79.2
-78.3,-79.2
-78.14999999999999,-79.2
-78.0,-79.2
-78.0,-79.2
-78.14999999999999,-79.2
-78.0,-79.2
-78.14999999999999,-79.2
-78.14999999999999,-79.2
-78.0,-79.2
-78.14999999999999,-79.2
-78.14999999999999,-79.2
-78.14999999999999,-79.2
-78.0,-79.2
-78.14999999999999,-79.2
-78.14999999999999,-79.2
-78.0,-79.2
-78.14999999999999,-79.2
-78.14999999999999,-79.2
-78.0,-79.2
-78.3,-79.2
-78.0,-79.2
-78.0,-79.35
-78.14999999999999,-79.2
-78.0,-79.35
-78.14999999999999,-79.2
-78.14999999999999,-79.2
-77.85,-79.35
-78.14999999999999,-79.2
-78.0,-79.2
-78.14999999999999,-79.35
-78.0,-79.2
-78.14999999999999,-79.2
-78.0,-79.2
-78.14999999999999,-79.2
-78.14999999999999,-79.2
-77.85,-79.2
-78.0,-79.2
-78.14999999999999,-79.2
-78.0,-79.2
-78.0,-79.2
-78.14999999999999,-79.2
-78.0,-79.2
-78.0,-79.2
-78.14999999999999,-79.2
-78.0,-79.2
-78.0,-79.05
-78.14999999999999,-79.2
-78.0,-79.2
-78.14999999999999,-79.2
-78.0,-79.2
-78.14999999999999,-79.2
-78.0,-79.35
-78.14999999999999,-79.2
-78.0,-79.2
-78.14999999999999,-79.2
-78.14999999999999,-79.2
-78.14999999999999,-79.2
-78.3,-79.2
-78.14999999999999,-79.2
-78.14999999999999,-79.2
-78.0,-79.2
-78.14999999999999,-79.05
-77.7,-79.2
-78.14999999999999,-79.2
-78.0,-79.2
-78.14999999999999,-79.2
-78.0,-79.2
-78.14999999999999,-79.35
-78.0,-79.2
-78.3,-79.2
-78.14999999999999,-79.2
-78.0,-79.2
-78.14999999999999,-79.05
-78.14999999999999,-79.2
-78.0,-79.2
-78.14999999999999,-79.2
-78.14999999999999,-79.05
-78.14999999999999,-79.2
-78.14999999999999,-79.2
-78.0,-79.2
-78.0,-79.35
-78.0,-79.05
-78.0,-79.2
-78.14999999999999,-79.2
-78.0,-79.2
-78.14999999999999,-79.2
-78.14999999999999,-79.2
-78.0,-79.2
-78.14999999999999,-79.2
-78.0,-79.2
-78.14999999999999,-79.2
-78.0,-79.2
-78.14999999999999,-79.2
-78.0,-79.2
-78.0,-79.2
-78.14999999999999,-79.05
-78.14999999999999,-79.2
-78.14999999999999,-79.2
-78.0,-79.2
-78.14999999999999,-79.2
-78.0,-79.2
-78.14999999999999,-79.2
-78.0,-79.2
-78.14999999999999,-79.05
-78.0,-79.2
-78.14999999999999,-79.2
-78.0,-79.2
-78.0,-79.2
-78.14999999999999,-79.05
-78.14999999999999,-78.89999999999999
-78.0,-79.2
-78.14999999999999,-79.2
-78.0,-79.05
-78.14999999999999,-79.2
-78.0,-79.2
-78.14999999999999,-79.05
-78.14999999999999,-79.2
-78.0,-79.05
-78.14999999999999,-79.05
-78.0,-79.05
-78.0,-78.89999999999999
-78.14999999999999,-78.89999999999999
-78.0,-79.05
-78.14999999999999,-79.2
-78.0,-79.05
-78.0,-79.05
-78.0,-79.05
-78.0,-79.05
-78.0,-79.05
-78.0,-79.2
-78.0,-78.89999999999999
-78.0,-79.2
-78.0,-79.2
-78.14999999999999,-79.05
-77.85,-79.2
-78.0,-79.05
-78.0,-79.05
-78.0,-79.2
-78.0,-79.2
-78.14999999999999,-79.2
-78.0,-79.2
-78.14999999999999,-79.2
-78.0,-79.2
-78.0,-79.2
-78.0,-79.05
-78.14999999999999,-78.89999999999999
-78.0,-79.2
-78.0,-79.2
-78.14999999999999,-78.89999999999999
-78.0,-79.2
-78.0,-79.2
-78.0,-79.05
-78.14999999999999,-79.05
-78.14999999999999,-79.05
-78.0,-79.2
-78.14999999999999,-79.2
-77.85,-79.2
-78.0,-78.89999999999999
-78.14999999999999,-79.2
-78.0,-79.2
-78.14999999999999,-79.2
-78.0,-79.2
-78.14999999999999,-79.2
-78.0,-79.05
-78.14999999999999,-79.05
-78.0,-79.2
-78.0,-78.89999999999999
-78.14999999999999,-79.2
-78.14999999999999,-79.2
-78.14999999999999,-79.2
-78.0,-79.2
-78.0,-79.2
-78.0,-79.2
-78.14999999999999,-79.2
-77.85,-79.2
-78.0,-78.89999999999999
-78.14999999999999,-79.2
-78.0,-79.05
-78.0,-79.2
-78.0,-79.2
-78.0,-79.05
-78.14999999999999,-79.05
-78.0,-79.2
-77.85,-79.05
-78.0,-78.75
-78.0,-79.05
-78.14999999999999,-79.05
-78.0,-79.05
-78.0,-79.05
-78.0,-78.89999999999999
-78.14999999999999,-79.05
-78.0,-79.05
-77.85,-79.05
-78.0,-78.75
-78.0,-79.05
-78.0,-78.89999999999999
-78.0,-79.2
-78.0,-79.2
-78.14999999999999,-79.05
-78.0,-78.89999999999999
-78.0,-79.05
-77.85,-79.2
-78.0,-78.89999999999999
-78.14999999999999,-79.2
-78.0,-79.2
-78.14999999999999,-79.2
-78.14999999999999,-79.2
-78.0,-79.2
-78.0,-79.2
-78.0,-79.05
-77.7,-79.2
-78.0,-78.75
-78.14999999999999,-79.2
-78.0,-79.2
-78.0,-79.35
-78.0,-79.05
-78.14999999999999,-79.2
-78.0,-79.2
-78.14999999999999,-79.2
-78.0,-79.05
-78.0,-78.89999999999999
-78.14999999999999,-79.05
-78.0,-79.2
-78.0,-79.2
-78.14999999999999,-79.2
-78.0,-79.2
-78.0,-79.05
-78.0,-79.2
-77.85,-79.2
-78.0,-78.89999999999999
-78.0,-79.2
-78.14999999999999,-79.2
-78.0,-79.05
-78.0,-79.05
-78.0,-78.89999999999999
-78.0,-79.2
-78.14999999999999,-79.2
-77.55,-78.75
-78.0,-79.05
-78.0,-79.05
-78.14999999999999,-78.89999999999999
-78.0,-79.2
-78.0,-79.2
-78.14999999999999,-79.2
-78.14999999999999,-79.2
-77.7,-79.05
-78.14999999999999,-78.75
-78.0,-79.2
-78.0,-79.2
-78.0,-79.2
-78.0,-79.2
-78.14999999999999,-79.2
-78.14999999999999,-78.89999999999999
-78.0,-79.2
-78.0,-79.2
-78.0,-78.75
-78.0,-79.2
-78.0,-79.2
-78.0,-79.2
-78.14999999999999,-79.2
-78.14999999999999,-79.05
-78.0,-79.05
-76.2,-77.7
-76.2,-76.64999999999999
-76.2,-75.75
-74.1,-75.3
-73.8,-74.85
-73.05,-73.64999999999999
-72.14999999999999,-73.2
-71.55,-72.75
-71.39999999999999,-72.3
-71.39999999999999,-71.7
-71.39999999999999,-71.25
-71.39999999999999,-70.95
-69.6,-70.2
-68.7,-69.89999999999999
-68.39999999999999,-69.45
-67.95,-69.0
-67.5,-68.7
-67.2,-68.39999999999999
-67.05,-68.1
-66.75,-67.8
-66.6,-67.2
-66.6,-67.05
-66.6,-66.89999999999999
-66.6,-66.14999999999999
-64.8,-65.85
-64.64999999999999,-65.39999999999999
-64.2,-65.25
-64.2,-65.1
-63.75,-64.8
-63.449999999999996,-64.5
-63.0,-64.35
-63.0,-63.9
-62.699999999999996,-63.9
-62.699999999999996,-63.599999999999994
-62.4,-63.3
-62.099999999999994,-63.0
-61.8,-62.849999999999994
-61.8,-62.4
-61.8,-62.4
-61.8,-62.099999999999994
-61.8,-61.65
-61.8,-61.5
-61.8,-61.199999999999996
-61.8,-60.9
-60.15,-60.75
-59.849999999999994,-60.599999999999994
-59.55,-60.449999999999996
-59.55,-60.15
-58.949999999999996,-60.0
-58.5,-59.55
-58.5,-59.55
-58.349999999999994,-59.25
-57.9,-59.099999999999994
-58.199999999999996,-58.8
-57.599999999999994,-58.8
-57.599999999999994,-58.65
-57.15,-58.349999999999994
-57.0,-58.349999999999994
-57.15,-57.9
-57.0,-57.9
-57.0,-57.75
-57.0,-57.599999999999994
-57.0,-57.449999999999996
-57.0,-57.15
-57.0,-57.0
-57.0,-56.85
-57.0,-56.699999999999996
-57.0,-56.55
-55.35,-56.4
-55.199999999999996,-56.25
-55.199999999999996,-56.1
-54.9,-55.949999999999996
-54.9,-55.8
-54.6,-55.65
-54.449999999999996,-55.5
-54.15,-55.35
-54.0,-55.05
-54.0,-55.05
-54.0,-54.9
-53.699999999999996,-54.9
-53.55,-54.6
-53.55,-54.449999999999996
-53.4,-54.3
-53.1,-54.3
-52.949999999999996,-54.15
-52.8,-54.0
-52.8,-53.85
-52.8,-53.699999999999996
-52.5,-53.55
-52.35,-53.25
-52.35,-53.4
-52.199999999999996,-53.25
-52.199999999999996,-52.949999999999996
-52.199999999999996,-52.949999999999996
-52.199999999999996,-52.8
-52.199999999999996,-52.65
-52.199999999999996,-52.5
-52.199999999999996,-52.199999999999996
-52.199999999999996,-52.199999999999996
-52.199999999999996,-52.199999999999996
-52.199999999999996,-52.05
-52.199999999999996,-51.6
-52.199999999999996,-51.75
-52.199999999999996,-51.449999999999996
-50.55,-51.3
-52.199999999999996,-51.3
-50.1,-51.0
-50.1,-50.85
-50.25,-51.0
-49.8,-50.85
-49.8,-50.699999999999996
-49.8,-50.699999999999996
-49.8,-50.4
-49.5,-50.4
-49.35,-50.4
-49.199999999999996,-50.1
-49.05,-49.949999999999996
-49.05,-49.949999999999996
-48.75,-49.8
-48.75,-49.8
-48.75,-49.65
-48.6,-49.5
-48.449999999999996,-49.199999999999996
-48.449999999999996,-49.35
-48.0,-49.199999999999996
-48.0,-48.9
-48.15,-49.05
-48.0,-48.9
-47.85,-48.75
-47.85,-48.75
-47.55,-48.6
-47.4,-48.6
-47.55,-48.449999999999996
-47.4,-48.3
-47.4,-48.0
-47.4,-48.3
-47.4,-48.0
-47.4,-47.85
-47.4,-47.85
-47.4,-47.699999999999996
-47.4,-47.55
-47.4,-47.55
-47.4,-47.4
-47.4,-47.1
-47.4,-47.25
-47.4,-47.1
-47.4,-47.1
-47.4,-47.1
-47.4,-46.949999999999996
-47.4,-46.8
-47.4,-46.8
-47.4,-46.35
-45.6,-46.5
-45.6,-46.35
-45.6,-46.199999999999996
-45.3,-46.199999999999996
-45.6,-46.199999999999996
-45.3,-46.05
-45.0,-45.9
-44.699999999999996,-46.05
-45.0,-45.6
-45.0,-45.75
-45.0,-45.6
-45.0,-45.449999999999996
-44.4,-45.449999999999996
-44.699999999999996,-45.3
-44.4,-45.3
-44.1,-45.15
-44.25,-44.85
-44.1,-45.0
-44.25,-45.0
-44.25,-44.85
-43.949999999999996,-44.85
-43.949999999999996,-44.699999999999996
-43.8,-44.699999999999996
-43.949999999999996,-44.55
-43.35,-44.55
-43.65,-44.25
-43.5,-44.4
-43.5,-44.4
-43.5,-44.25
-43.65,-44.25
-43.35,-44.25
-43.199999999999996,-44.1
-43.35,-44.1
-42.6,-43.949999999999996
-43.199999999999996,-43.5
-43.199999999999996,-43.8
-43.199999999999996,-43.8
-43.05,-43.8
-42.6,-43.65
-42.6,-43.65
-42.75,-43.5
-42.6,-43.5
-42.6,-43.35
-42.6,-43.05
-42.6,-43.199999999999996
-42.6,-43.199999999999996
-42.6,-43.05
-42.6,-43.05
-42.6,-42.9
-42.6,-42.75
-42.6,-42.9
-42.6,-42.75
-42.6,-42.449999999999996
-42.6,-42.449999999999996
-42.6,-42.449999999999996
-42.6,-42.3
-28.2,-36.9
-10.2,-14.25
-4.2,-3.3
-1.5,-2.1
-1.3499999999999999,-1.65
-1.2,-1.7999999999999998
-1.2,-1.65
-1.2,-1.65
-1.2,-1.65
-1.3499999999999999,-1.65
-1.3499999999999999,-1.5
-1.3499999999999999,-1.5
-1.2,-1.65
-1.2,-1.2
-1.05,-1.65
-1.3499999999999999,-1.5
-1.3499999999999999,-1.65
-1.2,-1.5
-0.8999999999999999,-1.3499999999999999
-1.2,-1.5
-1.05,-1.5
-0.75,-1.65
-1.2,-1.2
-0.8999999999999999,-1.5
-1.2,-1.3499999999999999
-1.2,-1.5
-1.2,-1.5
-1.2,-1.65
-1.2,-1.3499999999999999
-1.05,-1.5
-0.6,-1.5
-1.2,-1.2
-0.8999999999999999,-1.5
-1.05,-1.5
-1.2,-1.5
-1.2,-1.5
-0.8999999999999999,-1.3499999999999999
-1.2,-1.3499999999999999
-1.2,-1.5
-0.75,-1.5
-1.2,-1.2
-1.2,-1.5
-1.2,-1.5
-1.2,-1.3499999999999999
-1.2,-1.2
-1.2,-1.5
-1.2,-1.5
-0.8999999999999999,-1.5
-0.6,-1.5
-0.8999999999999999,-1.2
-1.05,-1.5
-0.8999999999999999,-1.5
-1.2,-1.3499999999999999
-1.2,-1.5
-1.2,-1.5
-1.05,-1.3499999999999999
-1.05,-1.5
-0.6,-1.3499999999999999
-1.2,-1.2
-1.2,-1.5
-1.05,-1.5
-0.8999999999999999,-1.3499999999999999
-1.2,-1.5
-0.8999999999999999,-1.3499999999999999
-1.05,-1.3499999999999999
-1.2,-1.5
-0.75,-1.5
-0.8999999999999999,-1.2
-0.8999999999999999,-1.5
-1.2,-1.3499999999999999
-1.05,-1.5
-0.8999999999999999,-1.5
-1.2,-1.5
-1.05,-1.3499999999999999
-0.8999999999999999,-1.5
-0.75,-1.5
-1.2,-1.2
-1.2,-1.5
-1.2,-1.5
-1.05,-1.5
-1.2,-1.5
-1.2,-1.3499999999999999
-1.2,-1.5
-1.2,-1.5
-0.75,-1.5
-1.2,-1.2
-1.2,-1.65
-1.2,-1.3499999999999999
-1.2,-1.5
-1.2,-1.3499999999999999
-1.2,-1.5
-1.2,-1.5
-1.2,-1.5
-0.75,-1.5
-1.2,-1.2
-1.2,-1.5
-1.05,-1.5
-1.2,-1.5
-0.8999999999999999,-1.5
-1.05,-1.3499999999999999
-1.2,-1.3499999999999999
-0.75,-1.3499999999999999
-1.05,-1.2
-0.75,-1.5
-0.8999999999999999,-1.3499999999999999
-0.75,-1.5
-1.2,-1.3499999999999999
-0.75,-1.3499999999999999
-1.05,-1.5
-0.8999999999999999,-1.3499999999999999
-0.75,-1.5
-0.8999999999999999,-1.2
-1.05,-1.3499999999999999
-1.05,-1.2
-1.2,-1.3499999999999999
-0.8999999999999999,-1.3499999999999999
-1.05,-1.3499999999999999
-0.75,-1.3499999999999999
-1.2,-1.5
-0.75,-1.5
-1.05,-1.2
-0.8999999999999999,-1.5
-1.05,-1.5
-0.75,-1.3499999999999999
-1.05,-1.5
-0.8999999999999999,-1.2
-1.2,-1.5
-0.8999999999999999,-1.3499999999999999
-1.05,-1.5
-0.75,-1.3499999999999999
-1.05,-1.3499999999999999
-0.8999999999999999,-1.3499999999999999
-1.05,-1.5
-0.75,-1.5
-0.8999999999999999,-1.3499999999999999
-0.8999999999999999,-1.5
-1.2,-1.3499999999999999
-0.8999999999999999,-1.5
-1.05,-1.5
-0.8999999999999999,-1.3499999999999999
-0.8999999999999999,-1.2
-1.05,-1.3499999999999999
-0.75,-1.3499999999999999
-0.8999999999999999,-1.3499999999999999
-1.05,-1.5
-1.2,-1.3499999999999999
-0.8999999999999999,-1.5
-1.2,-1.3499999999999999
-1.05,-1.3499999999999999
-0.75,-1.3499999999999999
-1.05,-1.2
-0.75,-1.3499999999999999
-1.2,-1.3499999999999999
-0.75,-1.5
-1.2,-1.3499999999999999
-0.8999999999999999,-1.5
-1.05,-1.3499999999999999
-1.2,-1.3499999999999999
-0.8999999999999999,-1.3499999999999999
-0.8999999999999999,-1.3499999999999999
-0.75,-1.5
-0.8999999999999999,-1.2
-0.8999999999999999,-1.3499999999999999
-0.75,-1.3499999999999999
-1.2,-1.3499999999999999
-1.2,-1.3499999999999999
-0.8999999999999999,-1.5
-1.05,-1.3499999999999999
-1.05,-1.2
-0.8999999999999999,-1.3499999999999999
-1.2,-1.3499999999999999
-1.05,-1.5
-1.2,-1.5
-0.75,-1.5
-1.2,-1.3499999999999999
-0.75,-1.3499999999999999
-1.2,-1.5
-1.2,-1.3499999999999999
-0.75,-1.5
-0.8999999999999999,-1.2
-1.2,-1.5
-1.2,-1.2
-1.05,-1.3499999999999999
-1.05,-1.3499999999999999
-1.05,-1.3499999999999999
-0.8999999999999999,-1.5
-1.05,-1.3499999999999999
-0.75,-1.3499999999999999
-1.05,-1.3499999999999999
-0.75,-1.5
-1.2,-1.3499999999999999
-0.8999999999999999,-1.2
-1.2,-1.3499999999999999
-1.2,-1.3499999999999999
-0.8999999999999999,-1.2
-1.05,-1.3499999999999999
-0.75,-1.5
-1.2,-1.3499999999999999
-1.2,-1.5
-1.2,-1.3499999999999999
-0.75,-1.5
-1.2,-1.3499999999999999
-1.2,-1.3499999999999999
-1.05,-1.5
-1.5,-1.7999999999999998
-1.3499999999999999,-1.95
-1.7999999999999998,-1.7999999999999998
-1.7999999999999998,-2.1
-1.7999999999999998,-2.1
-1.7999999999999998,-2.1
-1.95,-2.25
-1.95,-2.25
-4.2,-2.4
-4.2,-2.4
-4.2,-2.55
-4.2,-2.55
-4.2,-2.6999999999999997
-4.2,-2.6999999999999997
-4.2,-2.85
-4.2,-2.85
-4.2,-2.85
-4.2,-3.0
-4.2,-3.0
-4.2,-3.15
-4.2,-3.0
-4.2,-3.3
-4.2,-3.3
-4.2,-3.3
-4.2,-3.15
-4.2,-3.4499999999999997
-4.2,-3.5999999999999996
-4.2,-3.4499999999999997
-4.2,-3.5999999999999996
-4.2,-3.5999999999999996
-4.2,-3.5999999999999996
-4.2,-3.75
-4.2,-3.75
-4.2,-3.5999999999999996
-4.2,-3.75
-4.2,-3.9
-4.2,-3.9
-4.2,-4.05
-4.2,-4.05
-4.2,-4.05
-4.2,-4.05
-4.2,-3.9
-4.2,-4.05
-4.2,-4.05
-4.2,-4.35
-4.2,-4.35
-4.2,-4.5
-4.2,-4.5
-4.2,-4.5
-4.2,-4.6499999999999995
-4.35,-4.35
-4.2,-4.6499999999999995
-4.5,-4.5
-4.35,-4.8
-4.35,-4.8
-4.2,-4.8
-4.35,-4.5
-4.5,-4.8
-4.2,-4.8
-4.5,-4.5
-4.5,-4.95
-4.5,-4.8
-4.8,-4.8
-4.5,-4.95
-4.6499999999999995,-4.8
-4.8,-4.95
-4.8,-5.1
-4.5,-5.1
-4.8,-4.8
-4.8,-5.1
-4.6499999999999995,-5.1
-4.8,-4.95
-4.8,-5.1
-4.8,-5.1
-4.8,-5.25
-4.95,-5.25
-4.5,-5.25
-4.95,-5.1
-4.95,-5.3999999999999995
-4.95,-5.25
-5.1,-5.3999999999999995
-5.25,-5.3999999999999995
-4.95,-5.3999999999999995
-5.1,-5.3999999999999995
-5.1,-5.3999999999999995
-4.8,-5.55
-5.25,-5.3999999999999995
-5.25,-5.55
-5.1,-5.55
-5.3999999999999995,-5.3999999999999995
-5.25,-5.55
-5.25,-5.7
-5.3999999999999995,-5.55
-5.3999999999999995,-5.7
-4.95,-5.55
-5.25,-5.3999999999999995
-5.3999999999999995,-5.7
-5.3999999999999995,-5.85
-5.25,-5.85
-5.3999999999999995,-5.85
-5.3999999999999995,-5.7
-5.55,-5.7
-5.55,-5.85
-5.1,-5.85
-5.55,-5.3999999999999995
-5.55,-6.0
-5.3999999999999995,-5.85
-5.55,-5.85
-5.55,-6.0
-5.55,-6.0
-5.55,-6.0
-5.7,-6.0
-5.3999999999999995,-6.0
-5.7,-5.85
-5.7,-6.0
-5.7,-6.1499999999999995
-6.0,-6.1499999999999995
-5.85,-6.3
-6.0,-6.0
-5.85,-6.1499999999999995
-6.0,-6.3
-5.55,-6.0
-5.85,-5.85
-6.0,-6.3
-6.0,-6.3
-6.0,-6.1499999999999995
-6.0,-6.3
-6.0,-6.1499999999999995
-6.0,-6.3
-6.0,-6.3
-5.85,-6.3
-6.0,-6.1499999999999995
-6.0,-6.45
-5.85,-6.3
-6.0,-6.3
-6.0,-6.45
-6.0,-6.45
-6.0,-6.45
-6.0,-6.3
-6.0,-6.45
-6.1499999999999995,-6.1499999999999995
-6.1499999999999995,-6.45
-6.0,-6.45
-6.1499999999999995,-6.6
-6.0,-6.6
-6.0,-6.45
-6.1499999999999995,-6.45
-6.1499999999999995,-6.6
-6.1499999999999995,-6.6
-6.1499999999999995,-6.45
-6.1499999999999995,-6.6
-6.1499999999999995,-6.6
-6.45,-6.6
-6.0,-6.75
-6.1499999999999995,-6.6
-6.3,-6.6
-6.6,-6.75
-6.3,-6.6
-6.45,-6.6
-6.6,-6.75
-6.1499999999999995,-6.6
-6.6,-6.6
-6.6,-6.75
-6.3,-6.6
-6.6,-6.6
-6.6,-6.6
-6.1499999999999995,-6.8999999999999995
-6.6,-6.6
-6.6,-6.75
-6.6,-6.75
-6.6,-6.75
-6.6,-6.8999999999999995
-6.6,-6.6
-6.6,-6.75
-6.6,-6.8999999999999995
-6.45,-6.8999999999999995
-6.6,-6.75
-6.6,-7.05
-6.6,-6.8999999999999995
-6.6,-6.8999999999999995
-6.6,-6.8999999999999995
-6.6,-6.8999999999999995
-6.6,-6.8999999999999995
-6.6,-6.8999999999999995
-6.45,-6.8999999999999995
-6.6,-6.75
-6.6,-7.05
-6.6,-6.8999999999999995
-6.6,-6.75
-6.6,-6.8999999999999995
-6.6,-6.8999999999999995
-6.6,-6.8999999999999995
-6.6,-6.8999999999999995
-6.45,-7.05
-6.75,-7.05
-6.6,-7.199999999999999
-6.6,-6.8999999999999995
-6.6,-7.05
-6.6,-7.05
-6.6,-7.199999999999999
-6.6,-7.05
-6.6,-7.199999999999999
-6.6,-7.199999999999999
-6.6,-7.05
-6.75,-7.199999999999999
-6.6,-7.199999999999999
-6.8999999999999995,-7.05
-6.75,-7.05
-6.75,-7.05
-6.6,-7.199999999999999
-6.6,-7.199999999999999
-6.6,-6.8999999999999995
-6.6,-7.199999999999999
-6.8999999999999995,-7.05
-6.75,-7.199999999999999
-6.75,-7.199999999999999
-6.75,-7.199999999999999
-6.8999999999999995,-7.199999999999999
-9.0,-7.199999999999999
-6.6,-7.199999999999999
-6.75,-7.199999999999999
-6.8999999999999995,-7.199999999999999
-6.8999999999999995,-7.35
-9.0,-7.199999999999999
-6.75,-7.199999999999999
-9.0,-7.199999999999999
-9.0,-7.199999999999999
-6.6,-7.35
-6.75,-7.05
-6.8999999999999995,-7.35
-6.8999999999999995,-7.199999999999999
-7.05,-7.199999999999999
-7.05,-7.199999999999999
-6.75,-7.199999999999999
-6.75,-7.35
-6.8999999999999995,-7.35
-6.6,-7.199999999999999
-6.8999999999999995,-7.199999999999999
-6.75,-7.5
-9.0,-7.5
-6.8999999999999995,-7.35
-9.0,-7.35
-7.05,-7.5
-6.75,-7.35
-6.75,-7.35
-7.199999999999999,-7.199999999999999
-6.8999999999999995,-7.35
-7.05,-7.5
-9.0,-7.5
-7.05,-7.35
-9.0,-7.5
-6.8999999999999995,-7.5
-6.8999999999999995,-7.35
-9.0,-7.199999999999999
-9.0,-7.35
-7.05,-7.5
-9.0,-7.35
-9.0,-7.35
-9.0,-7.35
-9.0,-7.35
-9.0,-7.35
-6.75,-7.5
-9.0,-7.199999999999999
-9.0,-7.5
-9.0,-7.35
-7.199999999999999,-7.5
-9.0,-7.5
-9.0,-7.5
-9.0,-7.6499999999999995
-9.0,-7.5
-6.75,-7.6499999999999995
-9.0,-7.35
-9.0,-7.6499999999999995
-9.0,-7.6499999999999995
-9.0,-7.5
-7.199999999999999,-7.6499999999999995
-9.0,-7.6499999999999995
-9.0,-7.6499999999999995
-9.0,-7.6499999999999995
-7.199999999999999,-7.6499999999999995
-9.0,-7.35
-9.0,-7.6499999999999995
-9.0,-7.8
-9.0,-7.5
-9.0,-7.6499999999999995
-9.0,-7.6499999999999995
-9.0,-7.6499999999999995
-9.0,-7.6499999999999995
-9.0,-7.8
-9.0,-7.6499999999999995
-9.0,-7.8
-9.0,-7.6499999999999995
-9.0,-7.6499999999999995
-9.0,-7.6499999999999995
-9.0,-7.6499999999999995
-9.0,-7.8
-9.0,-7.6499999999999995
-9.0,-7.6499999999999995
-9.0,-7.6499999999999995
-9.0,-7.8
-9.0,-7.6499999999999995
-9.0,-7.6499999999999995
-9.0,-7.8
-9.0,-7.6499999999999995
-9.0,-7.8
-9.0,-7.8
-9.0,-7.8
-9.0,-7.6499999999999995
-9.0,-7.8
-9.0,-7.8
-9.0,-7.5
-9.0,-7.6499999999999995
-9.0,-7.6499999999999995
18.45,-1.65
-9.0,8.4
67.8,22.349999999999998
138.45,130.2
106.2,130.2
91.8,106.35
70.8,79.8
48.6,65.55
39.0,61.65
34.199999999999996,52.199999999999996
29.4,45.3
24.0,41.1
19.8,39.6
17.849999999999998,37.949999999999996
15.0,36.0
14.85,34.05
13.65,32.4
10.2,30.599999999999998
10.2,30.599999999999998
9.6,29.7
9.45,28.05
8.85,27.3
7.8,27.9
5.3999999999999995,27.75
5.3999999999999995,27.45
5.3999999999999995,26.55
5.3999999999999995,26.4
5.3999999999999995,26.4
5.3999999999999995,25.8
5.25,25.65
5.1,25.349999999999998
5.25,24.599999999999998
4.8,24.599999999999998
4.6499999999999995,23.55
4.2,24.0
4.6499999999999995,23.7
3.5999999999999996,23.55
3.9,23.25
3.4499999999999997,22.65
3.3,23.4
3.0,23.4
3.0,22.5
0.6,22.349999999999998
2.85,22.5
0.6,23.099999999999998
0.6,21.9
0.6,21.9
0.6,22.349999999999998
0.6,21.75
0.6,21.3
0.6,20.849999999999998
0.6,21.75
0.6,21.599999999999998
0.6,21.0
0.6,21.15
0.6,20.849999999999998
0.6,21.15
0.6,20.7
0.6,20.7
0.3,20.25
0.6,20.4
0.0,21.0
0.0,20.4
0.0,20.099999999999998
-0.15,20.25
-0.15,20.099999999999998
-0.3,19.95
-0.3,19.95
-0.44999999999999996,19.95
-0.15,19.2
-0.6,20.4
-0.75,19.95
-0.44999999999999996,19.05
-1.05,19.5
-0.8999999999999999,19.349999999999998
-0.8999999999999999,19.65
-0.75,19.2
-1.2,18.9
-1.2,18.75
-1.2,18.75
-1.7999999999999998,18.599999999999998
-4.2,18.9
-4.2,19.349999999999998
-4.2,18.75
-4.2,19.05
-1.7999999999999998,18.3
-4.2,18.0
-4.2,17.849999999999998
-4.2,18.3
-4.2,18.15
-4.2,18.15
-4.2,18.15
-4.2,18.0
-4.2,18.15
-4.2,18.0
-4.2,17.55
-4.2,17.4
-4.2,17.55
-4.2,17.849999999999998
-4.2,17.25
-4.2,17.7
-4.2,17.55
-4.2,18.0
-4.2,17.4
-4.2,17.25
-4.2,17.7
-4.2,17.099999999999998
-4.2,16.95
-4.2,16.8
-4.2,17.55
-4.2,17.4
-4.2,16.95
-4.2,17.4
-4.2,17.099999999999998
-4.2,16.8
-4.2,16.5
-4.2,16.65
-4.2,16.349999999999998
-4.2,16.5
-4.2,16.65
-4.2,16.95
-4.2,17.099999999999998
-4.2,16.5
-4.2,16.349999999999998
-4.2,15.899999999999999
-4.2,16.5
-4.2,15.899999999999999
-4.2,16.05
-4.2,16.349999999999998
-4.2,16.8
-4.2,16.5
-4.35,16.5
-4.35,16.349999999999998
-4.2,15.899999999999999
-4.5,15.75
-4.5,15.6
-4.6499999999999995,15.899999999999999
-4.8,16.349999999999998
-4.6499999999999995,16.5
-4.35,16.2
-4.8,15.75
-4.35,14.85
-4.8,15.6
-5.1,15.899999999999999
-4.95,16.349999999999998
-4.6499999999999995,15.899999999999999
-4.8,15.899999999999999
-4.8,16.05
-4.6499999999999995,15.6
-5.1,15.299999999999999
-5.1,15.45
-4.95,15.899999999999999
-5.1,15.6
-5.25,15.45
-5.3999999999999995,15.899999999999999
-5.1,15.6
-5.1,15.75
-5.1,16.05
-5.25,15.6
-5.25,15.299999999999999
-5.3999999999999995,15.6
-5.7,15.75
-5.3999999999999995,15.6
-5.3999999999999995,15.6
-5.3999999999999995,15.6
-5.3999999999999995,16.05
-4.95,15.149999999999999
-5.55,14.85
-5.3999999999999995,15.0
-5.3999999999999995,14.85
-5.55,14.85
-5.3999999999999995,15.149999999999999
-5.55,15.149999999999999
-5.55,15.45
-5.85,15.299999999999999
-5.55,14.7
-5.3999999999999995,14.7
-5.3999999999999995,14.25
-5.55,15.0
-6.0,15.0
-5.55,14.549999999999999
-5.55,14.399999999999999
-5.7,14.25
-5.85,14.399999999999999
-5.55,14.1
-6.0,14.1
-5.85,14.1
-6.0,14.549999999999999
-6.0,14.25
-5.7,13.799999999999999
-6.1499999999999995,14.399999999999999
-6.0,14.399999999999999
-6.0,14.549999999999999
-6.0,14.7
-6.1499999999999995,14.1
-6.1499999999999995,14.399999999999999
-5.85,13.95
-6.3,13.95
-6.1499999999999995,14.1
-6.1499999999999995,14.399999999999999
-6.1499999999999995,14.25
-6.0,14.25
-6.1499999999999995,14.1
-6.3,13.799999999999999
-9.0,13.95
-6.1499999999999995,14.25
-9.0,13.799999999999999
-6.1499999999999995,13.799999999999999
-9.0,14.7
-6.1499999999999995,14.1
-6.1499999999999995,14.1
-6.1499999999999995,14.25
-6.3,13.5
-6.0,13.049999999999999
-6.6,13.5
-9.0,13.95
-6.3,13.65
-9.0,13.95
-9.0,13.65
-9.0,13.799999999999999
-9.0,13.95
-9.0,13.5
-9.0,13.5
-9.0,13.799999999999999
-9.0,13.65
-9.0,13.2
-9.0,13.65
-9.0,13.799999999999999
-9.0,13.799999999999999
-9.0,13.799999999999999
-9.0,13.35
-9.0,13.5
-9.0,13.5
-9.0,13.049999999999999
-9.0,13.2
-9.0,13.5
-9.0,13.5
-9.0,13.5
-9.0,13.95
-9.0,13.049999999999999
-9.0,13.2
-9.0,13.799999999999999
-9.0,12.75
-9.0,13.2
-9.0,12.9
-9.0,13.049999999999999
-9.0,12.9
-9.0,13.2
-9.0,12.9
-9.0,12.9
-9.0,12.9
-9.0,13.049999999999999
-9.0,13.65
-9.0,13.799999999999999
-9.0,13.35
-9.0,12.9
-9.0,13.2
-9.0,13.35
-9.0,13.5
-9.0,13.2
-9.0,12.9
-9.0,12.6
-9.0,12.9
-9.0,13.049999999999999
-9.0,13.2
-9.0,12.9
-9.0,12.6
-9.0,12.6
-9.0,13.049999999999999
-9.0,12.6
-9.0,12.75
-9.0,12.75
-9.0,12.6
-9.0,13.2
-9.0,12.75
-9.0,12.75
-9.0,12.9
-9.0,12.75
-9.0,11.7
-9.0,12.299999999999999
-9.0,12.6
-9.0,12.9
-9.0,12.75
-9.0,12.75
-9.0,12.45
-9.0,12.45
-9.0,12.9
-9.0,12.299999999999999
-9.0,12.15
-9.0,12.299999999999999
-9.0,12.299999999999999
-9.0,11.85
-9.0,13.2
-9.0,12.45
-9.0,12.6
-9.0,12.9
-9.0,12.299999999999999
-9.0,12.0
-9.0,12.75
-9.0,12.6
-9.0,12.0
-9.0,12.15
-9.0,12.0
-9.0,12.45
-9.0,13.049999999999999
-9.0,12.6
-9.0,12.299999999999999
-9.0,12.45
-9.0,12.45
-9.0,12.6
-9.0,12.6
-9.0,12.6
-9.0,12.299999999999999
-9.0,12.0
-9.0,12.0
-9.0,12.15
-9.0,12.45
-9.0,12.45
-9.0,12.15
-9.0,12.0
-9.0,12.0
-9.0,12.299999999999999
-9.0,12.6
-9.0,11.7
-9.0,12.75
-9.0,12.9
-9.0,12.45
-9.0,12.75
-9.0,11.4
-9.0,12.15
-9.0,12.6
-9.0,12.0
-9.0,11.7
-9.0,12.6
-9.0,12.15
-9.0,12.6
-9.0,12.15
-9.0,11.85
-9.0,11.549999999999999
-9.0,12.45
-9.0,11.7
-9.0,11.4
-9.0,12.0
-9.0,12.15
-9.0,12.0
-9.0,11.7
-9.0,11.4
-9.0,11.549999999999999
-9.0,11.85
-9.0,11.4
-9.0,11.7
-9.0,12.15
-9.0,12.0
-9.0,11.549999999999999
-9.0,10.95
-9.0,11.1
-9.0,12.0
-9.0,12.75
-9.0,12.0
-9.0,12.0
-9.0,12.299999999999999
-9.0,12.45
-9.0,11.85
-9.0,11.1
-9.0,11.7
-9.0,11.549999999999999
-9.0,11.7
-9.0,11.25
-9.0,11.1
-9.0,11.1
-9.0,11.549999999999999
-9.0,11.85
-9.0,12.15
-9.0,11.549999999999999
-9.0,11.4
-9.0,11.7
-9.0,11.4
-9.0,11.7
-9.0,11.25
-9.0,12.0
-9.0,11.1
-15.6,3.5999999999999996
-15.45,4.6499999999999995
-15.149999999999999,4.8
-14.85,4.95
-15.0,5.3999999999999995
-15.149999999999999,5.7
-15.149999999999999,5.7
-15.149999999999999,5.3999999999999995
-15.299999999999999,5.7
-15.149999999999999,5.7
-15.6,5.7
-246.0,-180.6
-232.2,-247.95
-187.04999999999998,-197.25
-141.0,-175.2
-119.69999999999999,-139.2
-105.0,-105.89999999999999
-90.6,-81.3
-81.0,-66.0
-72.0,-56.1
-66.6,-48.9
-61.8,-42.3
-57.599999999999994,-37.5
-53.55,-33.6
-52.199999999999996,-31.5
-49.05,-27.9
-47.4,-26.099999999999998
-45.0,-25.2
-43.35,-23.4
-42.6,-23.4
-42.6,-23.4
-40.199999999999996,-19.5
-39.0,-18.0
-38.1,-16.65
-37.8,-16.8
-37.8,-15.899999999999999
-37.8,-15.299999999999999
-34.949999999999996,-14.85
-34.5,-14.399999999999999
-33.75,-13.35
-33.6,-12.75
-33.0,-12.0
-33.0,-11.4
-33.0,-11.1
-33.0,-11.4
-33.0,-10.2
-33.0,-9.9
-33.0,-9.6
-30.599999999999998,-9.6
-30.15,-9.299999999999999
-29.25,-9.0
-29.4,-8.4
-29.099999999999998,-8.1
-28.799999999999997,-8.25
-28.2,-8.25
-28.349999999999998,-7.6499999999999995
-28.2,-7.949999999999999
-28.2,-7.199999999999999
-28.2,-6.75
-28.2,-6.3
-28.2,-6.8999999999999995
-28.2,-6.3
-28.2,-6.3
-28.2,-5.7
-28.2,-5.25
-28.2,-6.1499999999999995
-28.2,-5.3999999999999995
-28.2,-5.7
-25.8,-5.3999999999999995
-25.349999999999998,-4.95
-25.2,-5.25
-25.349999999999998,-5.25
-24.75,-4.6499999999999995
-24.75,-3.9
-24.9,-4.5
-24.599999999999998,-4.05
-24.599999999999998,-3.75
-24.599999999999998,-3.75
-24.45,-3.5999999999999996
-24.599999999999998,-3.0
-24.3,-3.0
-23.7,-2.55
-23.7,-2.4
-23.7,-2.6999999999999997
-23.55,-3.0
-23.4,-2.6999999999999997
-23.4,-3.0
-23.4,-2.4
-23.4,-2.4
-23.4,-1.7999999999999998
-23.4,-1.7999999999999998
-23.4,-0.8999999999999999
-23.4,-1.65
-23.4,-1.2
-23.4,-1.3499999999999999
-23.4,-0.8999999999999999
-23.4,-1.2
-23.4,-1.2
-23.4,-1.3499999999999999
-23.4,-0.15
-23.4,-0.75
-23.4,-0.75
-23.4,-0.8999999999999999
-23.4,-0.15
-21.0,-0.8999999999999999
-23.4,-0.75
-23.4,-0.44999999999999996
-21.0,-0.6
-20.4,-0.44999999999999996
-21.0,1.05
-21.0,0.3
-20.55,0.3
-20.099999999999998,0.0
-19.95,0.0
-19.8,-0.15
-20.099999999999998,0.75
-19.95,0.3
-19.5,0.8999999999999999
-19.349999999999998,1.05
-19.8,1.2
-19.349999999999998,0.75
-19.349999999999998,1.05
-19.2,0.75
-19.2,1.65
-18.75,1.05
-19.2,1.5
-18.599999999999998,0.75
-19.2,2.25
-18.75,1.65
-18.9,1.7999999999999998
-18.599999999999998,1.7999999999999998
-18.75,2.25
-18.599999999999998,2.25
-18.599999999999998,2.55
-18.599999999999998,1.5
-18.599999999999998,2.25
-18.599999999999998,2.55
-18.599999999999998,2.55
-18.599999999999998,1.95
-18.599999999999998,2.4
-18.599999999999998,2.25
-18.599999999999998,3.0
-18.599999999999998,2.4
-18.599999999999998,2.55
-18.599999999999998,2.1
-18.599999999999998,3.15
-18.599999999999998,2.85
-18.599999999999998,3.15
-18.599999999999998,3.4499999999999997
-18.599999999999998,3.3
-18.599999999999998,2.85
-18.599999999999998,3.4499999999999997
-18.599999999999998,2.55
-18.599999999999998,3.0
-18.599999999999998,2.55
-18.599999999999998,3.5999999999999996
-18.599999999999998,3.15
-18.599999999999998,3.4499999999999997
-16.2,3.15
-18.599999999999998,4.35
-16.2,3.15
-18.599999999999998,3.15
-18.599999999999998,3.5999999999999996
-18.599999999999998,4.2
-16.2,4.2
-16.2,4.35
-15.899999999999999,3.5999999999999996
-16.2,4.2
-15.899999999999999,4.6499999999999995
-15.899999999999999,4.8
-15.6,4.2
-15.75,4.35
-15.45,4.2
-15.899999999999999,4.8
-15.6,4.6499999999999995
-15.75,5.1
-15.149999999999999,4.6499999999999995
-15.299999999999999,5.25
-15.0,4.05
-15.6,4.6499999999999995
-15.149999999999999,4.5
-15.299999999999999,5.3999999999999995
-15.0,4.8
-14.85,4.95
-14.85,4.8
-15.0,5.55
-14.85,5.3999999999999995
-15.0,5.3999999999999995
-14.85,5.7
-15.0,6.0
-15.0,5.7
-15.0,6.0
-14.7,5.3999999999999995
-14.85,6.0
-14.399999999999999,5.85
-14.7,7.05
-14.549999999999999,6.3
-14.399999999999999,5.7
-14.549999999999999,5.55
-14.549999999999999,6.0
-14.7,6.8999999999999995
-14.549999999999999,7.199999999999999
-14.399999999999999,7.05
-14.1,6.75
-14.25,7.05
-14.1,6.75
-14.1,6.1499999999999995
-14.399999999999999,7.199999999999999
-13.95,6.8999999999999995
-14.1,7.5
-13.799999999999999,6.75
-13.799999999999999,6.75
-13.95,6.75
-14.1,7.199999999999999
-13.95,7.199999999999999
-13.799999999999999,6.6
-13.799999999999999,6.6
-14.399999999999999,7.6499999999999995
-13.95,7.6499999999999995
-13.799999999999999,7.5
-13.799999999999999,7.5
-13.799999999999999,7.05
-13.799999999999999,7.8
-13.799999999999999,7.199999999999999
-13.799999999999999,7.6499999999999995
-13.799999999999999,7.6499999999999995
-13.799999999999999,7.5
-13.799999999999999,7.199999999999999
-13.799999999999999,7.5
-13.799999999999999,7.949999999999999
-13.799999999999999,7.949999999999999
-13.799999999999999,7.6499999999999995
-13.799999999999999,7.8
-13.799999999999999,8.1
-13.799999999999999,7.949999999999999
-13.799999999999999,7.949999999999999
-13.799999999999999,8.1
-13.799999999999999,7.8
-13.799999999999999,8.1
-13.799999999999999,8.25
-13.799999999999999,8.1
-13.799999999999999,7.5
-13.799999999999999,8.4
-13.799999999999999,7.949999999999999
-13.799999999999999,8.1
-13.799999999999999,7.949999999999999
-13.799999999999999,7.8
-13.799999999999999,8.4
-13.799999999999999,8.549999999999999
-13.799999999999999,8.549999999999999
-13.799999999999999,8.549999999999999
-13.799999999999999,8.4
-13.799999999999999,8.25
-13.799999999999999,8.25
-13.799999999999999,8.4
-13.799999999999999,8.1
-13.799999999999999,8.549999999999999
-13.799999999999999,8.549999999999999
-13.799999999999999,7.949999999999999
-13.799999999999999,8.7
-13.799999999999999,8.4
-13.799999999999999,8.4
-13.799999999999999,8.7
-13.799999999999999,8.549999999999999
-13.799999999999999,8.4
-13.799999999999999,8.85
-13.799999999999999,8.85
-13.799999999999999,8.7
-13.799999999999999,8.25
-13.799999999999999,8.4
-13.799999999999999,8.549999999999999
-13.799999999999999,8.85
-13.799999999999999,8.85
-13.799999999999999,8.7
-13.799999999999999,9.0
-13.799999999999999,8.85
-13.799999999999999,9.15
-13.799999999999999,8.7
-13.799999999999999,9.0
-13.799999999999999,9.45
-13.799999999999999,9.15
-13.799999999999999,9.0
-13.799999999999999,8.7
-13.799999999999999,9.299999999999999
-13.799999999999999,9.6
-13.799999999999999,9.299999999999999
-13.799999999999999,9.299999999999999
-13.799999999999999,9.0
-13.799999999999999,9.45
-13.799999999999999,9.9
-13.799999999999999,9.15
-13.799999999999999,8.4
-13.799999999999999,9.0
-13.799999999999999,8.85
-13.799999999999999,9.299999999999999
-13.799999999999999,9.299999999999999
-13.799999999999999,9.299999999999999
-11.4,9.45
-13.799999999999999,9.0
-13.799999999999999,9.299999999999999
-13.799999999999999,9.299999999999999
-13.799999999999999,9.0
-11.4,9.299999999999999
-11.4,9.0
-13.799999999999999,9.6
-13.799999999999999,10.049999999999999
-11.1,9.75
-11.4,10.049999999999999
-11.4,9.45
-11.4,9.299999999999999
-13.799999999999999,9.6
-11.4,9.6
-11.1,9.75
-10.95,9.45
-10.95,9.6
-10.65,9.6
-10.95,9.9
-10.799999999999999,9.45
-10.95,9.6
-11.4,9.75
-10.95,9.75
-10.799999999999999,9.6
-10.799999999999999,10.35
-10.799999999999999,9.9
-10.2,9.299999999999999
-10.95,10.35
-10.799999999999999,9.9
-10.35,9.9
-10.799999999999999,9.45
-10.799999999999999,10.049999999999999
-10.799999999999999,10.049999999999999
-10.799999999999999,9.9
-10.799999999999999,9.75
-10.35,9.6
-10.799999999999999,10.5
-10.799999999999999,10.049999999999999
-10.5,9.75
-10.799999999999999,10.049999999999999
-10.799999999999999,10.65
-10.2,9.9
-10.65,10.2
-10.5,9.75
-10.2,9.45
-10.65,10.35
-10.65,10.2
-10.2,9.45
-10.65,10.2
-10.799999999999999,10.5
-10.5,10.5
-10.35,10.5
-10.35,10.35
-9.75,9.6
-10.2,10.049999999999999
-10.5,10.35
-10.35,10.2
-10.2,9.9
-10.2,10.5
-10.35,10.65
-10.35,10.5
-10.2,10.049999999999999
-10.049999999999999,9.9
-10.35,10.65
-10.35,10.5
-10.049999999999999,10.5
-10.2,9.9
-10.2,10.799999999999999
-9.9,10.65
-10.2,10.049999999999999
-10.35,10.799999999999999
-9.9,10.799999999999999
-10.2,10.2
-9.9,10.35
-10.2,10.2
-9.75,10.35
-10.049999999999999,10.65
-10.2,10.95
-10.2,10.95
-9.45,10.799999999999999
-9.9,11.1
-9.6,10.35
-9.75,9.6
-9.75,9.9
-9.9,10.799999999999999
-10.35,11.1
-9.75,10.799999999999999
-9.299999999999999,10.5
-9.75,10.35
-9.75,9.9
-9.9,9.9
-10.2,10.799999999999999
-10.2,11.25
-9.6,10.5
-4.95,15.899999999999999
-4.5,16.05
-4.8,16.2
-4.8,16.2
-4.6499999999999995,16.05
-4.8,15.6
-4.6499999999999995,15.299999999999999
-4.95,15.45
-4.8,15.899999999999999
-4.8,16.349999999999998
-4.6499999999999995,15.6
-4.95,15.75
-4.8,15.299999999999999
-4.95,15.299999999999999
-4.95,15.149999999999999
-4.95,16.2
-4.8,15.899999999999999
-4.95,15.75
-4.8,15.6
-4.95,15.899999999999999
-4.8,15.6
-4.8,15.299999999999999
-4.95,15.149999999999999
-4.8,15.75
-4.8,15.75
-4.95,15.75
-4.8,16.05
-4.8,15.899999999999999
-4.8,15.6
-4.95,15.75
-4.95,15.899999999999999
-4.5,15.75
-4.6499999999999995,15.899999999999999
-4.8,15.299999999999999
-4.95,15.75
-4.95,15.899999999999999
-4.8,15.899999999999999
-4.8,15.45
-5.1,15.6
-4.8,15.45
-4.8,15.6
-5.25,15.899999999999999
-4.95,15.299999999999999
-5.1,15.6
-5.3999999999999995,16.05
-4.8,15.75
-5.1,15.299999999999999
-5.1,15.6
-4.95,15.149999999999999
-4.8,15.45
-5.25,15.299999999999999
-5.1,15.75
-4.8,15.6
-4.95,15.6
-5.1,15.45
-4.95,15.149999999999999
-5.25,15.299999999999999
-4.8,15.45
-5.1,15.45
-5.1,15.299999999999999
-4.95,15.45
-5.3999999999999995,15.45
-5.3999999999999995,15.6
-4.95,15.149999999999999
-4.95,14.7
-4.95,15.149999999999999
-4.95,15.149999999999999
-5.1,15.45
-5.3999999999999995,15.149999999999999
-5.3999999999999995,15.6
-5.3999999999999995,15.899999999999999
-4.95,15.149999999999999
-5.1,15.149999999999999
-5.1,15.0
-4.95,15.0
-4.8,15.149999999999999
-4.95,14.85
-4.95,15.0
-5.25,15.0
-5.1,15.149999999999999
-5.25,15.299999999999999
-5.3999999999999995,15.149999999999999
-5.3999999999999995,15.299999999999999
-5.3999999999999995,15.299999999999999
-5.3999999999999995,15.149999999999999
-5.3999999999999995,15.149999999999999
-5.3999999999999995,15.149999999999999
-5.3999999999999995,15.149999999999999
-5.3999999999999995,15.149999999999999
-5.3999999999999995,15.149999999999999
-5.3999999999999995,15.149999999999999
-5.3999999999999995,15.6
-5.3999999999999995,15.45
-5.3999999999999995,15.299999999999999
-5.3999999999999995,15.45
-5.3999999999999995,15.149999999999999
-5.55,15.149999999999999
-5.55,15.149999999999999
-5.55,15.299999999999999
-5.55,15.149999999999999
-5.3999999999999995,15.149999999999999
-5.3999999999999995,15.45
-5.25,15.149999999999999
-5.3999999999999995,15.299999999999999
-5.55,15.75
-5.3999999999999995,15.0
-5.25,15.0
-5.3999999999999995,15.149999999999999
-5.3999999999999995,14.85
-5.25,14.399999999999999
-5.55,15.149999999999999
-5.55,14.549999999999999
-5.3999999999999995,15.149999999999999
-5.55,15.149999999999999
-5.3999999999999995,14.85
-4.95,14.399999999999999
-5.3999999999999995,14.549999999999999
-5.3999999999999995,14.399999999999999
-5.3999999999999995,14.549999999999999
-5.3999999999999995,14.7
-5.55,15.0
-5.3999999999999995,15.0
-5.55,15.0
-5.3999999999999995,14.399999999999999
-5.3999999999999995,14.399999999999999
-5.3999999999999995,14.7
-5.55,15.0
-5.55,14.85
-5.3999999999999995,14.549999999999999
-5.3999999999999995,14.399999999999999
-5.3999999999999995,14.7
-5.55,14.549999999999999
-5.55,14.399999999999999
-5.3999999999999995,14.399999999999999
-5.55,15.149999999999999
-5.7,14.7
-5.3999999999999995,14.399999999999999
-5.55,15.0
-5.55,14.7
-5.3999999999999995,14.85
-5.3999999999999995,14.549999999999999
-5.25,13.799999999999999
-5.3999999999999995,14.25
-5.3999999999999995,15.149999999999999
-5.7,14.549999999999999
-5.55,14.7
-5.3999999999999995,14.7
-5.55,15.0
-5.3999999999999995,15.0
-5.7,13.799999999999999
-5.3999999999999995,13.95
-5.7,14.85
-5.7,14.399999999999999
-5.55,14.7
-5.85,14.549999999999999
-5.55,14.399999999999999
-5.7,15.299999999999999
-5.7,14.7
-5.3999999999999995,13.95
-5.1,13.95
-5.85,14.85
-5.55,14.399999999999999
-5.55,14.399999999999999
-5.85,14.25
-5.7,14.25
-5.55,14.399999999999999
-5.7,14.399999999999999
-6.0,14.25
-5.1,14.399999999999999
-5.7,14.85
-5.7,13.95
-5.7,14.85
-5.55,13.799999999999999
-5.7,14.399999999999999
-5.7,14.399999999999999
-6.0,14.1
-6.0,14.25
-5.55,14.399999999999999
-5.85,15.299999999999999
-6.0,14.25
-5.7,14.549999999999999
-6.0,14.7
-5.55,13.5
-5.7,14.399999999999999
-6.0,13.799999999999999
-6.1499999999999995,14.1
-5.3999999999999995,14.25
-6.0,15.299999999999999
-6.1499999999999995,14.549999999999999
-5.7,14.25
-5.85,13.5
-5.85,13.2
-6.0,14.399999999999999
-6.1499999999999995,14.399999999999999
-6.0,14.25
-5.3999999999999995,14.7
-5.85,15.149999999999999
-6.0,14.25
-5.7,14.1
-6.1499999999999995,14.25
-6.0,13.35
-6.1499999999999995,14.7
-6.1499999999999995,14.25
-6.1499999999999995,14.7
-5.3999999999999995,13.95
-6.0,14.1
-6.0,14.399999999999999
-6.0,13.95
-5.55,13.65
56.85,57.15
67.8,79.64999999999999
51.9,53.4
24.599999999999998,47.4
19.8,40.199999999999996
15.0,35.4
10.2,31.349999999999998
9.0,29.849999999999998
5.3999999999999995,27.599999999999998
5.3999999999999995,26.7
4.8,25.2
3.5999999999999996,24.599999999999998
3.5999999999999996,23.099999999999998
0.6,22.05
0.6,21.3
0.6,21.599999999999998
0.6,20.849999999999998
0.44999999999999996,20.4
-0.3,20.4
-0.15,19.65
-0.3,19.05
-0.3,18.9
-1.05,20.25
-1.2,19.2
-1.3499999999999999,18.9
-1.3499999999999999,18.45
-1.5,18.75
-1.7999999999999998,18.0
-4.2,17.55
-4.2,17.25
-4.2,17.25
-4.2,17.7
-4.2,17.4
-4.2,17.55
-4.2,16.65
-4.2,16.95
-4.2,16.2
-4.2,16.349999999999998
-4.2,17.099999999999998
-4.2,16.8
-4.2,16.8
-4.2,17.099999999999998
-4.2,16.65
-4.2,16.8
-4.2,15.899999999999999
-4.2,15.899999999999999
-4.2,16.2
-4.35,16.349999999999998
-4.35,15.299999999999999
-4.5,15.6
-4.8,15.899999999999999
-4.35,16.2
-4.8,15.899999999999999
-4.6499999999999995,15.899999999999999
-4.8,15.6
-4.5,15.6
-5.1,16.349999999999998
-4.8,15.299999999999999
-4.8,15.0
-4.95,15.149999999999999
-4.95,15.6
-5.25,15.75
-5.3999999999999995,15.299999999999999
-5.3999999999999995,15.149999999999999
-4.8,15.149999999999999
-5.3999999999999995,15.45
-5.25,14.399999999999999
-5.25,14.85
-5.55,15.149999999999999
-5.25,14.7
-5.1,14.7
-5.3999999999999995,14.549999999999999
-5.25,14.25
-5.25,14.549999999999999
-5.3999999999999995,14.549999999999999
-5.55,14.399999999999999
-5.55,14.399999999999999
-5.55,14.1
-5.85,14.399999999999999
-5.7,14.549999999999999
-6.0,14.399999999999999
-5.7,14.25
-5.3999999999999995,14.25
-5.7,14.549999999999999
-5.7,13.95
-6.0,14.1
-6.1499999999999995,14.1
-6.0,14.25
-6.0,14.1
-5.85,13.65
-5.85,13.65
-5.7,13.799999999999999
-6.0,13.95
-6.1499999999999995,13.65
-6.1499999999999995,13.65
-6.6,13.95
-6.0,13.35
-6.0,13.5
-6.45,13.35
-6.6,13.799999999999999
-6.0,13.35
-6.6,13.35
-9.0,13.049999999999999
-9.0,13.35
-9.0,13.5
-9.0,13.799999999999999
-9.0,13.799999999999999
-9.0,13.799999999999999
-9.0,13.65
-6.45,13.2
-9.0,13.65
-9.0,13.5
-9.0,13.5
-9.0,13.2
-9.0,13.799999999999999
-9.0,13.35
-9.0,13.5
-9.0,13.2
-9.0,13.5
-9.0,13.2
-9.0,13.2
-9.0,13.049999999999999
-9.0,13.2
-9.0,13.2
-9.0,13.799999999999999
-9.0,12.9
-9.0,13.2
-9.0,13.2
-9.0,13.049999999999999
-9.0,12.9
-9.0,13.049999999999999
-9.0,13.2
-9.0,12.6
-9.0,12.9
-9.0,12.9
-9.0,12.6
-9.0,13.049999999999999
-9.0,13.049999999999999
-9.0,12.75
-9.0,13.049999999999999
-9.0,13.35
-9.0,12.75
-9.0,13.049999999999999
-9.0,13.2
-9.0,12.6
-9.0,13.2
-9.0,13.5
-9.0,12.75
-9.0,12.9
-9.0,13.049999999999999
-9.0,12.9
-9.0,12.75
-9.0,12.9
-9.0,13.049999999999999
-9.0,12.6
-9.0,12.6
-9.0,12.9
-9.0,12.6
-9.0,12.75
-9.0,12.75
-9.0,13.2
-9.0,12.75
-9.0,12.9
-9.0,12.75
-9.0,12.6
-9.0,12.6
-9.0,13.2
-9.0,12.9
-9.0,12.75
-9.0,12.9
-9.0,12.9
-9.0,12.299999999999999
-9.0,12.299999999999999
-9.0,13.35
-9.0,12.75
-9.0,12.75
-9.0,13.2
-9.0,12.6
-9.0,12.6
-9.0,12.75
-9.0,12.15
-9.0,12.6
-9.0,13.2
-9.0,12.6
-9.0,11.85
-9.0,12.15
-9.0,12.15
-9.0,12.45
-9.0,12.299999999999999
-9.0,12.75
-9.0,12.6
-9.0,12.6
-9.0,12.6
-9.0,13.049999999999999
-9.0,12.15
-9.0,12.0
-9.0,12.299999999999999
-9.0,12.6
-9.0,12.0
-9.0,12.299999999999999
-9.0,12.299999999999999
-9.0,12.45
-9.0,11.549999999999999
-9.0,11.549999999999999
-9.0,11.549999999999999
-9.0,11.7
-9.0,11.1
-9.0,11.4
-9.0,12.0
-9.0,11.7
-9.0,11.4
-9.0,12.0
-9.0,11.549999999999999
-9.0,12.15
-9.0,11.549999999999999
-9.0,11.549999999999999
-9.0,11.4
-9.0,11.85
-9.0,11.4
-9.0,11.85
-9.0,12.0
-9.0,12.15
-9.0,12.0
-9.0,12.0
-9.0,11.85
-9.0,11.7
-9.0,12.45
-9.0,11.85
-9.0,11.549999999999999
-9.0,11.4
-9.0,11.4
-9.0,11.25
-9.0,12.15
-9.0,12.0
-9.0,12.0
-9.0,12.45
-9.0,11.85
-9.0,12.0
-9.0,11.7
-9.0,11.25
-9.0,11.4
-9.0,11.85
-9.0,12.15
-9.0,11.4
-9.0,12.45
-9.0,11.4
-9.0,11.1
-9.0,11.85
-9.0,11.1
-9.0,11.1
-9.0,11.85
-9.0,11.549999999999999
-9.0,11.85
-9.0,12.0
-9.0,10.95
-9.0,11.549999999999999
-9.0,11.549999999999999
-9.0,11.549999999999999
-9.0,12.15
-9.0,12.45
-9.0,12.0
-9.0,11.4
-9.0,12.0
-9.0,11.25
-9.0,12.299999999999999
-9.0,12.15
-9.0,12.15
-9.0,12.0
-9.0,12.0
-9.0,12.0
-9.0,12.299999999999999
-9.0,12.6
-9.0,11.85
-9.0,11.85
-9.0,12.45
-9.0,12.15
-9.0,12.0
-9.0,11.4
-9.0,11.4
-9.0,12.0
-9.0,12.299999999999999
-9.0,12.15
-9.0,12.0
-9.0,11.85
-9.0,11.7
-9.0,11.7
-9.0,12.15
-9.0,11.7
-9.0,11.4
-9.0,12.45
-9.0,11.7
-9.0,11.549999999999999
-9.0,11.85
-9.0,11.85
-9.0,11.7
-9.0,11.7
-9.0,11.549999999999999
-9.0,12.0
-9.0,12.45
-9.0,11.4
-9.0,11.85
-9.0,12.0
-9.0,11.85
-9.0,11.85
-9.0,11.7
-9.0,11.7
-9.0,11.85
-9.0,12.9
-9.0,11.85
-9.0,11.85
-9.0,12.45
-9.0,12.0
-9.0,11.85
-9.0,12.299999999999999
-9.0,12.299999999999999
-9.0,11.549999999999999
-9.0,12.15
-9.0,11.4
-9.0,11.7
-9.0,11.85
-9.0,11.549999999999999
-9.0,11.549999999999999
-9.0,11.7
-9.0,11.549999999999999
-9.0,12.0
-9.0,11.85
-9.0,11.4
-9.0,12.45
-9.0,12.15
-9.0,11.85
-9.0,11.85
-9.15,11.7
-9.0,11.7
-9.0,11.7
-9.0,11.85
-9.0,11.549999999999999
-9.0,12.0
-9.0,12.0
-9.0,11.85
-9.0,12.299999999999999
-9.0,11.7
-9.0,11.25
-9.0,11.85
-9.0,12.45
-9.0,12.0
-9.0,11.549999999999999
-9.0,11.1
-9.0,11.549999999999999
-9.0,12.0
-9.0,12.0
-9.0,12.0
-9.0,11.7
-9.0,11.85
-9.0,11.4
-9.0,11.25
-9.15,12.0
-9.0,11.549999999999999
-9.0,12.0
-9.0,11.85
-9.0,11.7
-9.0,11.85
-9.0,11.7
-9.0,11.25
-9.0,12.0
-9.0,12.15
-9.0,12.0
-9.0,12.0
-9.0,12.0
-9.0,11.7
-9.0,11.7
-9.0,11.85
-9.0,11.7
-9.0,11.7
-9.0,11.85
-9.0,12.0
-9.0,12.0
-9.0,12.0
-9.0,12.0
-9.0,11.85
-9.0,12.0
-9.0,11.4
-9.0,11.549999999999999
-9.0,12.0
-9.0,11.85
-9.0,12.0
-9.0,12.299999999999999
-9.0,12.0
-9.0,12.0
-9.0,11.85
-9.0,11.7
-9.0,11.7
-9.0,12.0
-9.0,12.45
-9.0,12.45
-9.0,11.7
-9.0,11.85
-9.0,12.0
-9.0,11.85
-9.0,12.0
-9.0,12.15
-9.0,12.0
-9.0,11.25
-9.0,11.85
-9.0,12.15
-9.0,11.7
-9.0,11.7
-9.0,11.549999999999999
-9.0,11.85
-9.0,12.0
-9.15,12.0
-9.0,12.0
-9.0,12.0
-9.0,11.549999999999999
-9.0,11.7
-9.0,11.85
-9.0,11.7
-9.0,11.7
-9.0,11.7
-9.0,11.549999999999999
-9.0,11.7
-9.0,12.0
-9.0,11.549999999999999
-9.0,12.0
-9.0,11.7
-9.0,11.549999999999999
-9.0,11.4
-9.0,12.0
-9.0,12.0
-9.0,12.15
-9.0,11.85
-9.0,11.85
-9.0,12.0
-9.0,11.549999999999999
-9.0,11.85
-9.0,12.299999999999999
-9.0,11.7
-9.0,11.85
-9.0,11.4
-9.15,11.7
-9.0,12.0
-9.0,11.4
-9.0,10.799999999999999
-9.0,11.7
-9.0,12.0
-9.0,12.0
-9.0,11.7
-9.0,11.7
-9.0,11.25
-9.0,11.85
-9.0,11.549999999999999
-9.0,11.4
-9.15,11.7
-9.0,12.15
-9.0,11.549999999999999
-9.0,11.4
-9.0,11.85
-9.0,12.15
-9.0,10.799999999999999
-9.0,12.0
-9.15,12.299999999999999
-9.0,12.15
-9.0,12.299999999999999
-9.0,12.299999999999999
-9.0,11.549999999999999
-9.0,11.7
-9.0,12.45
-9.0,11.85
-9.0,11.549999999999999
-9.0,11.85
-9.0,11.85
-9.0,11.4
-9.0,11.7
-9.0,11.1
-9.0,11.25
-9.0,12.0
-9.0,10.95
-9.0,11.4
-9.15,12.15
-9.0,11.7
-9.0,12.0
-9.0,11.85
-9.0,11.1
-9.0,11.7
-9.15,12.0
-9.0,11.4
-9.0,11.7
-9.15,11.85
-9.0,12.0
-9.0,11.7
-9.0,11.4
-9.0,11.1
-9.0,11.4
-9.299999999999999,11.7
-9.15,11.7
-9.0,11.7
-9.15,12.0
-9.0,11.7
-9.0,12.45
-9.0,12.0
-9.0,11.7
-9.0,11.549999999999999
-9.0,11.85
-9.0,10.799999999999999
-9.0,11.7
-9.0,11.1
-9.0,11.549999999999999
-9.0,11.4
-9.15,11.7
-9.0,11.4
-9.0,11.549999999999999
-9.0,11.85
-9.15,11.7
-9.0,11.85
-9.15,12.15
-9.0,11.549999999999999
-9.0,11.85
-9.0,11.549999999999999
-9.15,11.7
